          1        0          0          3
          2        7.5        0          3
          3        22.5       0          3
          4        37.5       0          3
          5        52.5       0          3
          6        67.5       0          3
          7        -7.5       0          3
          8        -22.5      0          3
          9        -37.5      0          3
         10        -52.5      0          3
         11        -67.5      0          3
         12          0        7.5        0
         13         15        7.5        0
         14         30        7.5        0
         15         45        7.5        0
         16         60        7.5        0
         17         75        7.5        0
         18        -15        7.5        0
         19        -30        7.5        0
         20        -45        7.5        0
         21        -60        7.5        0
         22        -75        7.5        0
         23        7.5        15         3
         24        22.5       15         3
         25        37.5       15         3
         26        52.5       15         3
         27        67.5       15          3
         28        -7.5        15          3
         29        -22.5       15          3
         30        -37.5       15          3
         31        -52.5       15          3
         32        -67.5       15          3
         33          0        22.5        0
         34         15        22.5        0
         35         30        22.5        0
         36         45        22.5        0
         37         60        22.5        0
         38         75        22.5        0
         39         -15        22.5        0
         40         -30        22.5        0
         41         -45        22.5        0
         42         -60        22.5        0
         43         -75        22.5        0
         44        7.5        30         3
         45        22.5       30          3
         46        37.5       30         3
         47        52.5       30          3
         48        67.5       30          3
         49        -7.5        30         3
         50        -22.5       30         3
         51        -37.5       30          3
         52        -52.5       30          3
         53        -67.5       30          3
         54          0        -7.5        0
         55         15        -7.5        0
         56         30        -7.5        0
         57         45        -7.5        0
         58         60        -7.5        0
         59         75        -7.5        0
         60        -15        -7.5        0
         61        -30        -7.5        0
         62        -45        -7.5        0
         63        -60        -7.5        0
         64        -75        -7.5        0
         65        7.5        -15         3
         66        22.5       -15          3
         67        37.5       -15          3
         68        52.5       -15          3
         69        67.5       -15          3
         70        -7.5        -15          3
         71        -22.5       -15          3
         72        -37.5       -15          3
         73        -52.5       -15          3
         74        -67.5       -15          3
         75          0        -22.5        0
         76         15        -22.5        0
         77         30        -22.5        0
         78         45        -22.5        0
         79         60        -22.5        0
         80         75        -22.5        0
         81         -15        -22.5        0
         82         -30        -22.5        0
         83         -45        -22.5        0
         84         -60        -22.5        0
         85         -75        -22.5        0
         86        7.5        -30         3
         87        22.5       -30          3
         88        37.5       -30         3
         89        52.5       -30          3
         90        67.5       -30          3
         91        -7.5        -30         3
         92        -22.5       -30         3
         93        -37.5       -30          3
         94        -52.5       -30          3
         95        -67.5       -30          3
        
