          1        0          0          0
          2        7.5        0          0
          3        22.5       0          0
          4        37.5       0          0
          5        52.5       0          0
          6        67.5       0          0
          7        -7.5       0          0
          8        -22.5      0          0
          9        -37.5      0          0
         10        -52.5      0          0
         11        -67.5      0          0
         12          0        -7.5        3
         13         15        -7.5        3
         14         30        -7.5        3
         15         45        -7.5        3
         16         60        -7.5        3
         17         75        -7.5        3
         18        -15        -7.5        3
         19        -30        -7.5        3
         20        -45        -7.5        3
         21        -60        -7.5        3
         22        -75        -7.5        3
         23        7.5        -15         0
         24        22.5       -15         0
         25        37.5       -15         0
         26        52.5       -15         0
         27        67.5       -15          0
         28        -7.5        -15          0
         29        -22.5       -15          0
         30        -37.5       -15          0
         31        -52.5       -15          0
         32        -67.5       -15          0
         33          0        -22.5        3
         34         15        -22.5        3
         35         30        -22.5        3
         36         45        -22.5        3
         37         60        -22.5        3
         38         75        -22.5        3
         39         -15        -22.5        3
         40         -30        -22.5        3
         41         -45        -22.5        3
         42         -60        -22.5        3
         43         -75        -22.5        3
         44        7.5        -30         0
         45        22.5       -30          0
         46        37.5       -30         0
         47        52.5       -30          0
         48        67.5       -30          0
         49        -7.5        -30         0
         50        -22.5       -30         0
         51        -37.5       -30          0
         52        -52.5       -30          0
         53        -67.5       -30          0
         54          0        7.5        3
         55         15        7.5        3
         56         30        7.5        3
         57         45        7.5        3
         58         60        7.5        3
         59         75        7.5        3
         60        -15        7.5        3
         61        -30        7.5        3
         62        -45        7.5        3
         63        -60        7.5        3
         64        -75        7.5        3
         65        7.5        15         0
         66        22.5       15          0
         67        37.5       15          0
         68        52.5       15          0
         69        67.5       15          0
         70        -7.5        15          0
         71        -22.5       15          0
         72        -37.5       15          0
         73        -52.5       15          0
         74        -67.5       15          0
         75          0        22.5        3
         76         15        22.5        3
         77         30        22.5        3
         78         45        22.5        3
         79         60        22.5        3
         80         75        22.5        3
         81         -15       22.5        3
         82         -30       22.5        3
         83         -45       22.5        3
         84         -60       22.5        3
         85         -75       22.5        3
         86        7.5        30         0
         87        22.5       30          0
         88        37.5       30         0
         89        52.5       30          0
         90        67.5       30          0
         91        -7.5       30         0
         92        -22.5       30         0
         93        -37.5       30          0
         94        -52.5       30          0
         95        -67.5       30          0
        
