         1        0          0          11.8
         97       -7.5        0          11.8
         98        -22.5       0          11.8
         99        -37.5       0          11.8
         100        -52.5       0         11.8
         101        -67.5       0         11.8
         102        7.5       0         11.8
         103       22.5      0          11.8
         104        37.5      0         11.8
         105        52.5      0          11.8
         106        67.5      0          11.8
         107          0        7.5        14.8
         108         -15        7.5        14.8
         109         -30        7.5        14.8
         110         -45        7.5        14.8
         111         -60        7.5        14.8
         112         -75        7.5        14.8
         113        15        7.5        14.8
         114        30        7.5        14.8
         115        45        7.5        14.8
         116        60        7.5        14.8
         117        75        7.5        14.8
         118        -7.5        15         11.8
         119        -22.5       15          11.8
         120        -37.5       15          11.8
         121        -52.5       15          11.8
         122        -67.5       15          11.8
         123        7.5        15          11.8
         124        22.5       15          11.8
         125        37.5       15          11.8
         126        52.5       15          11.8
         127        67.5       15          11.8
         128          0        22.5        14.8
         129         -15        22.5        14.8
         130         -30        22.5        14.8
         131         -45        22.5        14.8
         132         -60        22.5        14.8
         133         -75        22.5        14.8
         134         15        22.5       14.8
         135         30        22.5       14.8
         136         45        22.5       14.8
         137         60        22.5       14.8
         138         75        22.5       14.8
         139        -7.5        30         11.8
         140       -22.5       30          11.8
         141        -37.5       30         11.8
         142        -52.5       30          11.8
         143        -67.5       30          11.8
         144        7.5        30         11.8
         145        22.5       30         11.8
         146        37.5       30          11.8
         147        52.5       30          11.8
         148        67.5       30          11.8
         149          0        -7.5        14.8
         150         -15        -7.5        14.8
         151         -30        -7.5        14.8
         152         -45        -7.5        14.8
         153         -60        -7.5        14.8
         154         -75        -7.5        14.8
         155        30        -7.5        14.8
         156        45        -7.5        14.8
         157        60        -7.5        14.8
         158        75        -7.5        14.8
         159        -7.5        -15         11.8
         160        -22.5       -15         11.8
         161        -37.5       -15         11.8
         162        -52.5       -15         11.8
         163        -67.5       -15         11.8
         164        7.5        -15         11.8
         165        22.5       -15         11.8
         166        37.5       -15         11.8
         167        52.5       -15          11.8
         168        67.5       -15          11.8
         169          0        -22.5        14.8
         170         -15        -22.5        14.8
         171         -30        -22.5        14.8
         172         -45        -22.5        14.8
         173         -60        -22.5        14.8
         174         -75        -22.5        14.8
         175         15        -22.5        14.8
         176         30        -22.5        14.8
         177         45        -22.5        14.8
         178         60        -22.5        14.8
         179         75        -22.5        14.8
         180        -7.5        -30         11.8
         181        -22.5       -30          11.8
         182        -37.5       -30         11.8
         183        -52.5       -30          11.8
         184        -67.5       -30          11.8
         185        7.5        -30         11.8
         186        22.5       -30         11.8
         187        37.5       -30          11.8
         188        52.5       -30          11.8
         189        67.5       -30          11.8
         190        15        -7.5        14.8
